8050000000
8050000001
8050000002
8050000003
8050000004
8050000005
8050000006
8050000007
8050000008
8050000009
8050000010
8050000011
8050000012
8050000013
8050000014
8050000015
8050000016
8050000017
8050000018
8050000019
8050000020
8050000021
8050000022
8050000023
8050000024
8050000025
8050000026
8050000027
8050000028
8050000029
8050000030
8050000031
8050000032
8050000033
8050000034
8050000035
8050000036
8050000037
8050000038
8050000039
8050000040
8050000041
8050000042
8050000043
8050000044
8050000045
8050000046
8050000047
8050000048
8050000049
8050000050
8050000051
8050000052
8050000053
8050000054
8050000055
8050000056
8050000057
8050000058
8050000059
8050000060
8050000061
8050000062
8050000063
8050000064
8050000065
8050000066
8050000067
8050000068
8050000069
8050000070
8050000071
8050000072
8050000073
8050000074
8050000075
8050000076
8050000077
8050000078
8050000079
8050000080
8050000081
8050000082
8050000083
8050000084
8050000085
8050000086
8050000087
8050000088
8050000089
8050000090
8050000091
8050000092
8050000093
8050000094
8050000095
8050000096
8050000097
8050000098
8050000099
8050000100
8050000101
8050000102
8050000103
8050000104
8050000105
8050000106
8050000107
8050000108
8050000109
8050000110
8050000111
8050000112
8050000113
8050000114
8050000115
8050000116
8050000117
8050000118
8050000119
8050000120
8050000121
8050000122
8050000123
8050000124
8050000125
8050000126
8050000127
8050000128
8050000129
8050000130
8050000131
8050000132
8050000133
8050000134
8050000135
8050000136
8050000137
8050000138
8050000139
8050000140
8050000141
8050000142
8050000143
8050000144
8050000145
8050000146
8050000147
8050000148
8050000149
8050000150
8050000151
8050000152
8050000153
8050000154
8050000155
8050000156
8050000157
8050000158
8050000159
8050000160
8050000161
8050000162
8050000163
8050000164
8050000165
8050000166
8050000167
8050000168
8050000169
8050000170
8050000171
8050000172
8050000173
8050000174
8050000175
8050000176
8050000177
8050000178
8050000179
8050000180
8050000181
8050000182
8050000183
8050000184
8050000185
8050000186
8050000187
8050000188
8050000189
8050000190
8050000191
8050000192
8050000193
8050000194
8050000195
8050000196
8050000197
8050000198
8050000199
8050000200
8050000201
8050000202
8050000203
8050000204
8050000205
8050000206
8050000207
8050000208
8050000209
8050000210
8050000211
8050000212
8050000213
8050000214
8050000215
8050000216
8050000217
8050000218
8050000219
8050000220
8050000221
8050000222
8050000223
8050000224
8050000225
8050000226
8050000227
8050000228
8050000229
8050000230
8050000231
8050000232
8050000233
8050000234
8050000235
8050000236
8050000237
8050000238
8050000239
8050000240
8050000241
8050000242
8050000243
8050000244
8050000245
8050000246
8050000247
8050000248
8050000249
8050000250
8050000251
8050000252
8050000253
8050000254
8050000255
8050000256
8050000257
8050000258
8050000259
8050000260
8050000261
8050000262
8050000263
8050000264
8050000265
8050000266
8050000267
8050000268
8050000269
8050000270
8050000271
8050000272
8050000273
8050000274
8050000275
8050000276
8050000277
8050000278
8050000279
8050000280
8050000281
8050000282
8050000283
8050000284
8050000285
8050000286
8050000287
8050000288
8050000289
8050000290
8050000291
8050000292
8050000293
8050000294
8050000295
8050000296
8050000297
8050000298
8050000299
8050000300
8050000301
8050000302
8050000303
8050000304
8050000305
8050000306
8050000307
8050000308
8050000309
8050000310
8050000311
8050000312
8050000313
8050000314
8050000315
8050000316
8050000317
8050000318
8050000319
8050000320
8050000321
8050000322
8050000323
8050000324
8050000325
8050000326
8050000327
8050000328
8050000329
8050000330
8050000331
8050000332
8050000333
8050000334
8050000335
8050000336
8050000337
8050000338
8050000339
8050000340
8050000341
8050000342
8050000343
8050000344
8050000345
8050000346
8050000347
8050000348
8050000349
8050000350
8050000351
8050000352
8050000353
8050000354
8050000355
8050000356
8050000357
8050000358
8050000359
8050000360
8050000361
8050000362
8050000363
8050000364
8050000365
8050000366
8050000367
8050000368
8050000369
8050000370
8050000371
8050000372
8050000373
8050000374
8050000375
8050000376
8050000377
8050000378
8050000379
8050000380
8050000381
8050000382
8050000383
8050000384
8050000385
8050000386
8050000387
8050000388
8050000389
8050000390
8050000391
8050000392
8050000393
8050000394
8050000395
8050000396
8050000397
8050000398
8050000399
8050000400
8050000401
8050000402
8050000403
8050000404
8050000405
8050000406
8050000407
8050000408
8050000409
8050000410
8050000411
8050000412
8050000413
8050000414
8050000415
8050000416
8050000417
8050000418
8050000419
8050000420
8050000421
8050000422
8050000423
8050000424
8050000425
8050000426
8050000427
8050000428
8050000429
8050000430
8050000431
8050000432
8050000433
8050000434
8050000435
8050000436
8050000437
8050000438
8050000439
8050000440
8050000441
8050000442
8050000443
8050000444
8050000445
8050000446
8050000447
8050000448
8050000449
8050000450
8050000451
8050000452
8050000453
8050000454
8050000455
8050000456
8050000457
8050000458
8050000459
8050000460
8050000461
8050000462
8050000463
8050000464
8050000465
8050000466
8050000467
8050000468
8050000469
8050000470
8050000471
8050000472
8050000473
8050000474
8050000475
8050000476
8050000477
8050000478
8050000479
8050000480
8050000481
8050000482
8050000483
8050000484
8050000485
8050000486
8050000487
8050000488
8050000489
8050000490
8050000491
8050000492
8050000493
8050000494
8050000495
8050000496
8050000497
8050000498
8050000499
8050000500
8050000501
8050000502
8050000503
8050000504
8050000505
8050000506
8050000507
8050000508
8050000509
8050000510
8050000511
8050000512
8050000513
8050000514
8050000515
8050000516
8050000517
8050000518
8050000519
8050000520
8050000521
8050000522
8050000523
8050000524
8050000525
8050000526
8050000527
8050000528
8050000529
8050000530
8050000531
8050000532
8050000533
8050000534
8050000535
8050000536
8050000537
8050000538
8050000539
8050000540
8050000541
8050000542
8050000543
8050000544
8050000545
8050000546
8050000547
8050000548
8050000549
8050000550
8050000551
8050000552
8050000553
8050000554
8050000555
8050000556
8050000557
8050000558
8050000559
8050000560
8050000561
8050000562
8050000563
8050000564
8050000565
8050000566
8050000567
8050000568
8050000569
8050000570
8050000571
8050000572
8050000573
8050000574
8050000575
8050000576
8050000577
8050000578
8050000579
8050000580
8050000581
8050000582
8050000583
8050000584
8050000585
8050000586
8050000587
8050000588
8050000589
8050000590
8050000591
8050000592
8050000593
8050000594
8050000595
8050000596
8050000597
8050000598
8050000599
8050000600
8050000601
8050000602
8050000603
8050000604
8050000605
8050000606
8050000607
8050000608
8050000609
8050000610
8050000611
8050000612
8050000613
8050000614
8050000615
8050000616
8050000617
8050000618
8050000619
8050000620
8050000621
8050000622
8050000623
8050000624
8050000625
8050000626
8050000627
8050000628
8050000629
8050000630
8050000631
8050000632
8050000633
8050000634
8050000635
8050000636
8050000637
8050000638
8050000639
8050000640
8050000641
8050000642
8050000643
8050000644
8050000645
8050000646
8050000647
8050000648
8050000649
8050000650
8050000651
8050000652
8050000653
8050000654
8050000655
8050000656
8050000657
8050000658
8050000659
8050000660
8050000661
8050000662
8050000663
8050000664
8050000665
8050000666
8050000667
8050000668
8050000669
8050000670
8050000671
8050000672
8050000673
8050000674
8050000675
8050000676
8050000677
8050000678
8050000679
8050000680
8050000681
8050000682
8050000683
8050000684
8050000685
8050000686
8050000687
8050000688
8050000689
8050000690
8050000691
8050000692
8050000693
8050000694
8050000695
8050000696
8050000697
8050000698
8050000699
8050000700
8050000701
8050000702
8050000703
8050000704
8050000705
8050000706
8050000707
8050000708
8050000709
8050000710
8050000711
8050000712
8050000713
8050000714
8050000715
8050000716
8050000717
8050000718
8050000719
8050000720
8050000721
8050000722
8050000723
8050000724
8050000725
8050000726
8050000727
8050000728
8050000729
8050000730
8050000731
8050000732
8050000733
8050000734
8050000735
8050000736
8050000737
8050000738
8050000739
8050000740
8050000741
8050000742
8050000743
8050000744
8050000745
8050000746
8050000747
8050000748
8050000749
8050000750
8050000751
8050000752
8050000753
8050000754
8050000755
8050000756
8050000757
8050000758
8050000759
8050000760
8050000761
8050000762
8050000763
8050000764
8050000765
8050000766
8050000767
8050000768
8050000769
8050000770
8050000771
8050000772
8050000773
8050000774
8050000775
8050000776
8050000777
8050000778
8050000779
8050000780
8050000781
8050000782
8050000783
8050000784
8050000785
8050000786
8050000787
8050000788
8050000789
8050000790
8050000791
8050000792
8050000793
8050000794
8050000795
8050000796
8050000797
8050000798
8050000799
8050000800
8050000801
8050000802
8050000803
8050000804
8050000805
8050000806
8050000807
8050000808
8050000809
8050000810
8050000811
8050000812
8050000813
8050000814
8050000815
8050000816
8050000817
8050000818
8050000819
8050000820
8050000821
8050000822
8050000823
8050000824
8050000825
8050000826
8050000827
8050000828
8050000829
8050000830
8050000831
8050000832
8050000833
8050000834
8050000835
8050000836
8050000837
8050000838
8050000839
8050000840
8050000841
8050000842
8050000843
8050000844
8050000845
8050000846
8050000847
8050000848
8050000849
8050000850
8050000851
8050000852
8050000853
8050000854
8050000855
8050000856
8050000857
8050000858
8050000859
8050000860
8050000861
8050000862
8050000863
8050000864
8050000865
8050000866
8050000867
8050000868
8050000869
8050000870
8050000871
8050000872
8050000873
8050000874
8050000875
8050000876
8050000877
8050000878
8050000879
8050000880
8050000881
8050000882
8050000883
8050000884
8050000885
8050000886
8050000887
8050000888
8050000889
8050000890
8050000891
8050000892
8050000893
8050000894
8050000895
8050000896
8050000897
8050000898
8050000899
8050000900
8050000901
8050000902
8050000903
8050000904
8050000905
8050000906
8050000907
8050000908
8050000909
8050000910
8050000911
8050000912
8050000913
8050000914
8050000915
8050000916
8050000917
8050000918
8050000919
8050000920
8050000921
8050000922
8050000923
8050000924
8050000925
8050000926
8050000927
8050000928
8050000929
8050000930
8050000931
8050000932
8050000933
8050000934
8050000935
8050000936
8050000937
8050000938
8050000939
8050000940
8050000941
8050000942
8050000943
8050000944
8050000945
8050000946
8050000947
8050000948
8050000949
8050000950
8050000951
8050000952
8050000953
8050000954
8050000955
8050000956
8050000957
8050000958
8050000959
8050000960
8050000961
8050000962
8050000963
8050000964
8050000965
8050000966
8050000967
8050000968
8050000969
8050000970
8050000971
8050000972
8050000973
8050000974
8050000975
8050000976
8050000977
8050000978
8050000979
8050000980
8050000981
8050000982
8050000983
8050000984
8050000985
8050000986
8050000987
8050000988
8050000989
8050000990
8050000991
8050000992
8050000993
8050000994
8050000995
8050000996
8050000997
8050000998
8050000999
8050001000
8050001001
8050001002
8050001003
8050001004
8050001005
8050001006
8050001007
8050001008
8050001009
8050001010
8050001011
8050001012
8050001013
8050001014
8050001015
8050001016
8050001017
8050001018
8050001019
8050001020
8050001021
8050001022
8050001023
8050001024
8050001025
8050001026
8050001027
8050001028
8050001029
8050001030
8050001031
8050001032
8050001033
8050001034
8050001035
8050001036
8050001037
8050001038
8050001039
8050001040
8050001041
8050001042
8050001043
8050001044
8050001045
8050001046
8050001047
8050001048
8050001049
8050001050
8050001051
8050001052
8050001053
8050001054
8050001055
8050001056
8050001057
8050001058
8050001059
8050001060
8050001061
8050001062
8050001063
8050001064
8050001065
8050001066
8050001067
8050001068
8050001069
8050001070
8050001071
8050001072
8050001073
8050001074
8050001075
8050001076
8050001077
8050001078
8050001079
8050001080
8050001081
8050001082
8050001083
8050001084
8050001085
8050001086
8050001087
8050001088
8050001089
8050001090
8050001091
8050001092
8050001093
8050001094
8050001095
8050001096
8050001097
8050001098
8050001099
8050001100
8050001101
8050001102
8050001103
8050001104
8050001105
8050001106
8050001107
8050001108
8050001109
8050001110
8050001111
8050001112
8050001113
8050001114
8050001115
8050001116
8050001117
8050001118
8050001119
8050001120
8050001121
8050001122
8050001123
8050001124
8050001125
8050001126
8050001127
8050001128
8050001129
8050001130
8050001131
8050001132
8050001133
8050001134
8050001135
8050001136
8050001137
8050001138
8050001139
8050001140
8050001141
8050001142
8050001143
8050001144
8050001145
8050001146
8050001147
8050001148
8050001149
8050001150
8050001151
8050001152
8050001153
8050001154
8050001155
8050001156
8050001157
8050001158
8050001159
8050001160
8050001161
8050001162
8050001163
8050001164
8050001165
8050001166
8050001167
8050001168
8050001169
8050001170
8050001171
8050001172
8050001173
8050001174
8050001175
8050001176
8050001177
8050001178
8050001179
8050001180
8050001181
8050001182
8050001183
8050001184
8050001185
8050001186
8050001187
8050001188
8050001189
8050001190
8050001191
8050001192
8050001193
8050001194
8050001195
8050001196
8050001197
8050001198
8050001199
8050001200
8050001201
8050001202
8050001203
8050001204
8050001205
8050001206
8050001207
8050001208
8050001209
8050001210
8050001211
8050001212
8050001213
8050001214
8050001215
8050001216
8050001217
8050001218
8050001219
8050001220
8050001221
8050001222
8050001223
8050001224
8050001225
8050001226
8050001227
8050001228
8050001229
8050001230
8050001231
8050001232
8050001233
8050001234
8050001235
8050001236
8050001237
8050001238
8050001239
8050001240
8050001241
8050001242
8050001243
8050001244
8050001245
8050001246
8050001247
8050001248
8050001249
8050001250
8050001251
8050001252
8050001253
8050001254
8050001255
8050001256
8050001257
8050001258
8050001259
8050001260
8050001261
8050001262
8050001263
8050001264
8050001265
8050001266
8050001267
8050001268
8050001269
8050001270
8050001271
8050001272
8050001273
8050001274
8050001275
8050001276
8050001277
8050001278
8050001279
8050001280
8050001281
8050001282
8050001283
8050001284
8050001285
8050001286
8050001287
8050001288
8050001289
8050001290
8050001291
8050001292
8050001293
8050001294
8050001295
8050001296
8050001297
8050001298
8050001299
8050001300
8050001301
8050001302
8050001303
8050001304
8050001305
8050001306
8050001307
8050001308
8050001309
8050001310
8050001311
8050001312
8050001313
8050001314
8050001315
8050001316
8050001317
8050001318
8050001319
8050001320
8050001321
8050001322
8050001323
8050001324
8050001325
8050001326
8050001327
8050001328
8050001329
8050001330
8050001331
8050001332
8050001333
8050001334
8050001335
8050001336
8050001337
8050001338
8050001339
8050001340
8050001341
8050001342
8050001343
8050001344
8050001345
8050001346
8050001347
8050001348
8050001349
8050001350
8050001351
8050001352
8050001353
8050001354
8050001355
8050001356
8050001357
8050001358
8050001359
8050001360
8050001361
8050001362
8050001363
8050001364
8050001365
8050001366
8050001367
8050001368
8050001369
8050001370
8050001371
8050001372
8050001373
8050001374
8050001375
8050001376
8050001377
8050001378
8050001379
8050001380
8050001381
8050001382
8050001383
8050001384
8050001385
8050001386
8050001387
8050001388
8050001389
8050001390
8050001391
8050001392
8050001393
8050001394
8050001395
8050001396
8050001397
8050001398
8050001399
8050001400
8050001401
8050001402
8050001403
8050001404
8050001405
8050001406
8050001407
8050001408
8050001409
8050001410
8050001411
8050001412
8050001413
8050001414
8050001415
8050001416
8050001417
8050001418
8050001419
8050001420
8050001421
8050001422
8050001423
8050001424
8050001425
8050001426
8050001427
8050001428
8050001429
8050001430
8050001431
8050001432
8050001433
8050001434
8050001435
8050001436
8050001437
8050001438
8050001439
8050001440
8050001441
8050001442
8050001443
8050001444
8050001445
8050001446
8050001447
8050001448
8050001449
8050001450
8050001451
8050001452
8050001453
8050001454
8050001455
8050001456
8050001457
8050001458
8050001459
8050001460
8050001461
8050001462
8050001463
8050001464
8050001465
8050001466
8050001467
8050001468
8050001469
8050001470
8050001471
8050001472
8050001473
8050001474
8050001475
8050001476
8050001477
8050001478
8050001479
8050001480
8050001481
8050001482
8050001483
8050001484
8050001485
8050001486
8050001487
8050001488
8050001489
8050001490
8050001491
8050001492
8050001493
8050001494
8050001495
8050001496
8050001497
8050001498
8050001499
8050001500
8050001501
8050001502
8050001503
8050001504
8050001505
8050001506
8050001507
8050001508
8050001509
8050001510
8050001511
8050001512
8050001513
8050001514
8050001515
8050001516
8050001517
8050001518
8050001519
8050001520
8050001521
8050001522
8050001523
8050001524
8050001525
8050001526
8050001527
8050001528
8050001529
8050001530
8050001531
8050001532
8050001533
8050001534
8050001535
8050001536
8050001537
8050001538
8050001539
8050001540
8050001541
8050001542
8050001543
8050001544
8050001545
8050001546
8050001547
8050001548
8050001549
8050001550
8050001551
8050001552
8050001553
8050001554
8050001555
8050001556
8050001557
8050001558
8050001559
8050001560
8050001561
8050001562
8050001563
8050001564
8050001565
8050001566
8050001567
8050001568
8050001569
8050001570
8050001571
8050001572
8050001573
8050001574
8050001575
8050001576
8050001577
8050001578
8050001579
8050001580
8050001581
8050001582
8050001583
8050001584
8050001585
8050001586
8050001587
8050001588
8050001589
8050001590
8050001591
8050001592
8050001593
8050001594
8050001595
8050001596
8050001597
8050001598
8050001599
8050001600
8050001601
8050001602
8050001603
8050001604
8050001605
8050001606
8050001607
8050001608
8050001609
8050001610
8050001611
8050001612
8050001613
8050001614
8050001615
8050001616
8050001617
8050001618
8050001619
8050001620
8050001621
8050001622
8050001623
8050001624
8050001625
8050001626
8050001627
8050001628
8050001629
8050001630
8050001631
8050001632
8050001633
8050001634
8050001635
8050001636
8050001637
8050001638
8050001639
8050001640
8050001641
8050001642
8050001643
8050001644
8050001645
8050001646
8050001647
8050001648
8050001649
8050001650
8050001651
8050001652
8050001653
8050001654
8050001655
8050001656
8050001657
8050001658
8050001659
8050001660
8050001661
8050001662
8050001663
8050001664
8050001665
8050001666
8050001667
8050001668
8050001669
8050001670
8050001671
8050001672
8050001673
8050001674
8050001675
8050001676
8050001677
8050001678
8050001679
8050001680
8050001681
8050001682
8050001683
8050001684
8050001685
8050001686
8050001687
8050001688
8050001689
8050001690
8050001691
8050001692
8050001693
8050001694
8050001695
8050001696
8050001697
8050001698
8050001699
8050001700
8050001701
8050001702
8050001703
8050001704
8050001705
8050001706
8050001707
8050001708
8050001709
8050001710
8050001711
8050001712
8050001713
8050001714
8050001715
8050001716
8050001717
8050001718
8050001719
8050001720
8050001721
8050001722
8050001723
8050001724
8050001725
8050001726
8050001727
8050001728
8050001729
8050001730
8050001731
8050001732
8050001733
8050001734
8050001735
8050001736
8050001737
8050001738
8050001739
8050001740
8050001741
8050001742
8050001743
8050001744
8050001745
8050001746
8050001747
8050001748
8050001749
8050001750
8050001751
8050001752
8050001753
8050001754
8050001755
8050001756
8050001757
8050001758
8050001759
8050001760
8050001761
8050001762
8050001763
8050001764
8050001765
8050001766
8050001767
8050001768
8050001769
8050001770
8050001771
8050001772
8050001773
8050001774
8050001775
8050001776
8050001777
8050001778
8050001779
8050001780
8050001781
8050001782
8050001783
8050001784
8050001785
8050001786
8050001787
8050001788
8050001789
8050001790
8050001791
8050001792
8050001793
8050001794
8050001795
8050001796
8050001797
8050001798
8050001799
8050001800
8050001801
8050001802
8050001803
8050001804
8050001805
8050001806
8050001807
8050001808
8050001809
8050001810
8050001811
8050001812
8050001813
8050001814
8050001815
8050001816
8050001817
8050001818
8050001819
8050001820
8050001821
8050001822
8050001823
8050001824
8050001825
8050001826
8050001827
8050001828
8050001829
8050001830
8050001831
8050001832
8050001833
8050001834
8050001835
8050001836
8050001837
8050001838
8050001839
8050001840
8050001841
8050001842
8050001843
8050001844
8050001845
8050001846
8050001847
8050001848
8050001849
8050001850
8050001851
8050001852
8050001853
8050001854
8050001855
8050001856
8050001857
8050001858
8050001859
8050001860
8050001861
8050001862
8050001863
8050001864
8050001865
8050001866
8050001867
8050001868
8050001869
8050001870
8050001871
8050001872
8050001873
8050001874
8050001875
8050001876
8050001877
8050001878
8050001879
8050001880
8050001881
8050001882
8050001883
8050001884
8050001885
8050001886
8050001887
8050001888
8050001889
8050001890
8050001891
8050001892
8050001893
8050001894
8050001895
8050001896
8050001897
8050001898
8050001899
8050001900
8050001901
8050001902
8050001903
8050001904
8050001905
8050001906
8050001907
8050001908
8050001909
8050001910
8050001911
8050001912
8050001913
8050001914
8050001915
8050001916
8050001917
8050001918
8050001919
8050001920
8050001921
8050001922
8050001923
8050001924
8050001925
8050001926
8050001927
8050001928
8050001929
8050001930
8050001931
8050001932
8050001933
8050001934
8050001935
8050001936
8050001937
8050001938
8050001939
8050001940
8050001941
8050001942
8050001943
8050001944
8050001945
8050001946
8050001947
8050001948
8050001949
8050001950
8050001951
8050001952
8050001953
8050001954
8050001955
8050001956
8050001957
8050001958
8050001959
8050001960
8050001961
8050001962
8050001963
8050001964
8050001965
8050001966
8050001967
8050001968
8050001969
8050001970
8050001971
8050001972
8050001973
8050001974
8050001975
8050001976
8050001977
8050001978
8050001979
8050001980
8050001981
8050001982
8050001983
8050001984
8050001985
8050001986
8050001987
8050001988
8050001989
8050001990
8050001991
8050001992
8050001993
8050001994
8050001995
8050001996
8050001997
8050001998
8050001999
8050002000
8050002001
8050002002
8050002003
8050002004
8050002005
8050002006
8050002007
8050002008
8050002009
8050002010
8050002011
8050002012
8050002013
8050002014
8050002015
8050002016
8050002017
8050002018
8050002019
8050002020
8050002021
8050002022
8050002023
8050002024
8050002025
8050002026
8050002027
8050002028
8050002029
8050002030
8050002031
8050002032
8050002033
8050002034
8050002035
8050002036
8050002037
8050002038
8050002039
8050002040
8050002041
8050002042
8050002043
8050002044
8050002045
8050002046
8050002047
8050002048
8050002049
8050002050
8050002051
8050002052
8050002053
8050002054
8050002055
8050002056
8050002057
8050002058
8050002059
8050002060
8050002061
8050002062
8050002063
8050002064
8050002065
8050002066
8050002067
8050002068
8050002069
8050002070
8050002071
8050002072
8050002073
8050002074
8050002075
8050002076
8050002077
8050002078
8050002079
8050002080
8050002081
8050002082
8050002083
8050002084
8050002085
8050002086
8050002087
8050002088
8050002089
8050002090
8050002091
8050002092
8050002093
8050002094
8050002095
8050002096
8050002097
8050002098
8050002099
8050002100
8050002101
8050002102
8050002103
8050002104
8050002105
8050002106
8050002107
8050002108
8050002109
8050002110
8050002111
8050002112
8050002113
8050002114
8050002115
8050002116
8050002117
8050002118
8050002119
8050002120
8050002121
8050002122
8050002123
8050002124
8050002125
8050002126
8050002127
8050002128
8050002129
8050002130
8050002131
8050002132
8050002133
8050002134
8050002135
8050002136
8050002137
8050002138
8050002139
8050002140
8050002141
8050002142
8050002143
8050002144
8050002145
8050002146
8050002147
8050002148
8050002149
8050002150
8050002151
8050002152
8050002153
8050002154
8050002155
8050002156
8050002157
8050002158
8050002159
8050002160
8050002161
8050002162
8050002163
8050002164
8050002165
8050002166
8050002167
8050002168
8050002169
8050002170
8050002171
8050002172
8050002173
8050002174
8050002175
8050002176
8050002177
8050002178
8050002179
8050002180
8050002181
8050002182
8050002183
8050002184
8050002185
8050002186
8050002187
8050002188
8050002189
8050002190
8050002191
8050002192
8050002193
8050002194
8050002195
8050002196
8050002197
8050002198
8050002199
8050002200
8050002201
8050002202
8050002203
8050002204
8050002205
8050002206
8050002207
8050002208
8050002209
8050002210
8050002211
8050002212
8050002213
8050002214
8050002215
8050002216
8050002217
8050002218
8050002219
8050002220
8050002221
8050002222
8050002223
8050002224
8050002225
8050002226
8050002227
8050002228
8050002229
8050002230
8050002231
8050002232
8050002233
8050002234
8050002235
8050002236
8050002237
8050002238
8050002239
8050002240
8050002241
8050002242
8050002243
8050002244
8050002245
8050002246
8050002247
8050002248
8050002249
8050002250
8050002251
8050002252
8050002253
8050002254
8050002255
8050002256
8050002257
8050002258
8050002259
8050002260
8050002261
8050002262
8050002263
8050002264
8050002265
8050002266
8050002267
8050002268
8050002269
8050002270
8050002271
8050002272
8050002273
8050002274
8050002275
8050002276
8050002277
8050002278
8050002279
8050002280
8050002281
8050002282
8050002283
8050002284
8050002285
8050002286
8050002287
8050002288
8050002289
8050002290
8050002291
8050002292
8050002293
8050002294
8050002295
8050002296
8050002297
8050002298
8050002299
8050002300
8050002301
8050002302
8050002303
8050002304
8050002305
8050002306
8050002307
8050002308
8050002309
8050002310
8050002311
8050002312
8050002313
8050002314
8050002315
8050002316
8050002317
8050002318
8050002319
8050002320
8050002321
8050002322
8050002323
8050002324
8050002325
8050002326
8050002327
8050002328
8050002329
8050002330
8050002331
8050002332
8050002333
8050002334
8050002335
8050002336
8050002337
8050002338
8050002339
8050002340
8050002341
8050002342
8050002343
8050002344
8050002345
8050002346
8050002347
8050002348
8050002349
8050002350
8050002351
8050002352
8050002353
8050002354
8050002355
8050002356
8050002357
8050002358
8050002359
8050002360
8050002361
8050002362
8050002363
8050002364
8050002365
8050002366
8050002367
8050002368
8050002369
8050002370
8050002371
8050002372
8050002373
8050002374
8050002375
8050002376
8050002377
8050002378
8050002379
8050002380
8050002381
8050002382
8050002383
8050002384
8050002385
8050002386
8050002387
8050002388
8050002389
8050002390
8050002391
8050002392
8050002393
8050002394
8050002395
8050002396
8050002397
8050002398
8050002399
8050002400
8050002401
8050002402
8050002403
8050002404
8050002405
8050002406
8050002407
8050002408
8050002409
8050002410
8050002411
8050002412
8050002413
8050002414
8050002415
8050002416
8050002417
8050002418
8050002419
8050002420
8050002421
8050002422
8050002423
8050002424
8050002425
8050002426
8050002427
8050002428
8050002429
8050002430
8050002431
8050002432
8050002433
8050002434
8050002435
8050002436
8050002437
8050002438
8050002439
8050002440
8050002441
8050002442
8050002443
8050002444
8050002445
8050002446
8050002447
8050002448
8050002449
8050002450
8050002451
8050002452
8050002453
8050002454
8050002455
8050002456
8050002457
8050002458
8050002459
8050002460
8050002461
8050002462
8050002463
8050002464
8050002465
8050002466
8050002467
8050002468
8050002469
8050002470
8050002471
8050002472
8050002473
8050002474
8050002475
8050002476
8050002477
8050002478
8050002479
8050002480
8050002481
8050002482
8050002483
8050002484
8050002485
8050002486
8050002487
8050002488
8050002489
8050002490
8050002491
8050002492
8050002493
8050002494
8050002495
8050002496
8050002497
8050002498
8050002499
8050002500
8050002501
8050002502
8050002503
8050002504
8050002505
8050002506
8050002507
8050002508
8050002509
8050002510
8050002511
8050002512
8050002513
8050002514
8050002515
8050002516
8050002517
8050002518
8050002519
8050002520
8050002521
8050002522
8050002523
8050002524
8050002525
8050002526
8050002527
8050002528
8050002529
8050002530
8050002531
8050002532
8050002533
8050002534
8050002535
8050002536
8050002537
8050002538
8050002539
8050002540
8050002541
8050002542
8050002543
8050002544
8050002545
8050002546
8050002547
8050002548
8050002549
8050002550
8050002551
8050002552
8050002553
8050002554
8050002555
8050002556
8050002557
8050002558
8050002559
8050002560
8050002561
8050002562
8050002563
8050002564
8050002565
8050002566
8050002567
8050002568
8050002569
8050002570
8050002571
8050002572
8050002573
8050002574
8050002575
8050002576
8050002577
8050002578
8050002579
8050002580
8050002581
8050002582
8050002583
8050002584
8050002585
8050002586
8050002587
8050002588
8050002589
8050002590
8050002591
8050002592
8050002593
8050002594
8050002595
8050002596
8050002597
8050002598
8050002599
8050002600
8050002601
8050002602
8050002603
8050002604
8050002605
8050002606
8050002607
8050002608
8050002609
8050002610
8050002611
8050002612
8050002613
8050002614
8050002615
8050002616
8050002617
8050002618
8050002619
8050002620
8050002621
8050002622
8050002623
8050002624
8050002625
8050002626
8050002627
8050002628
8050002629
8050002630
8050002631
8050002632
8050002633
8050002634
8050002635
8050002636
8050002637
8050002638
8050002639
8050002640
8050002641
8050002642
8050002643
8050002644
8050002645
8050002646
8050002647
8050002648
8050002649
8050002650
8050002651
8050002652
8050002653
8050002654
8050002655
8050002656
8050002657
8050002658
8050002659
8050002660
8050002661
8050002662
8050002663
8050002664
8050002665
8050002666
8050002667
8050002668
8050002669
8050002670
8050002671
8050002672
8050002673
8050002674
8050002675
8050002676
8050002677
8050002678
8050002679
8050002680
8050002681
8050002682
8050002683
8050002684
8050002685
8050002686
8050002687
8050002688
8050002689
8050002690
8050002691
8050002692
8050002693
8050002694
8050002695
8050002696
8050002697
8050002698
8050002699
8050002700
8050002701
8050002702
8050002703
8050002704
8050002705
8050002706
8050002707
8050002708
8050002709
8050002710
8050002711
8050002712
8050002713
8050002714
8050002715
8050002716
8050002717
8050002718
8050002719
8050002720
8050002721
8050002722
8050002723
8050002724
8050002725
8050002726
8050002727
8050002728
8050002729
8050002730
8050002731
8050002732
8050002733
8050002734
8050002735
8050002736
8050002737
8050002738
8050002739
8050002740
8050002741
8050002742
8050002743
8050002744
8050002745
8050002746
8050002747
8050002748
8050002749
8050002750
8050002751
8050002752
8050002753
8050002754
8050002755
8050002756
8050002757
8050002758
8050002759
8050002760
8050002761
8050002762
8050002763
8050002764
8050002765
8050002766
8050002767
8050002768
8050002769
8050002770
8050002771
8050002772
8050002773
8050002774
8050002775
8050002776
8050002777
8050002778
8050002779
8050002780
8050002781
8050002782
8050002783
8050002784
8050002785
8050002786
8050002787
8050002788
8050002789
8050002790
8050002791
8050002792
8050002793
8050002794
8050002795
8050002796
8050002797
8050002798
8050002799
8050002800
8050002801
8050002802
8050002803
8050002804
8050002805
8050002806
8050002807
8050002808
8050002809
8050002810
8050002811
8050002812
8050002813
8050002814
8050002815
8050002816
8050002817
8050002818
8050002819
8050002820
8050002821
8050002822
8050002823
8050002824
8050002825
8050002826
8050002827
8050002828
8050002829
8050002830
8050002831
8050002832
8050002833
8050002834
8050002835
8050002836
8050002837
8050002838
8050002839
8050002840
8050002841
8050002842
8050002843
8050002844
8050002845
8050002846
8050002847
8050002848
8050002849
8050002850
8050002851
8050002852
8050002853
8050002854
8050002855
8050002856
8050002857
8050002858
8050002859
8050002860
8050002861
8050002862
8050002863
8050002864
8050002865
8050002866
8050002867
8050002868
8050002869
8050002870
8050002871
8050002872
8050002873
8050002874
8050002875
8050002876
8050002877
8050002878
8050002879
8050002880
8050002881
8050002882
8050002883
8050002884
8050002885
8050002886
8050002887
8050002888
8050002889
8050002890
8050002891
8050002892
8050002893
8050002894
8050002895
8050002896
8050002897
8050002898
8050002899
8050002900
8050002901
8050002902
8050002903
8050002904
8050002905
8050002906
8050002907
8050002908
8050002909
8050002910
8050002911
8050002912
8050002913
8050002914
8050002915
8050002916
8050002917
8050002918
8050002919
8050002920
8050002921
8050002922
8050002923
8050002924
8050002925
8050002926
8050002927
8050002928
8050002929
8050002930
8050002931
8050002932
8050002933
8050002934
8050002935
8050002936
8050002937
8050002938
8050002939
8050002940
8050002941
8050002942
8050002943
8050002944
8050002945
8050002946
8050002947
8050002948
8050002949
8050002950
8050002951
8050002952
8050002953
8050002954
8050002955
8050002956
8050002957
8050002958
8050002959
8050002960
8050002961
8050002962
8050002963
8050002964
8050002965
8050002966
8050002967
8050002968
8050002969
8050002970
8050002971
8050002972
8050002973
8050002974
8050002975
8050002976
8050002977
8050002978
8050002979
8050002980
8050002981
8050002982
8050002983
8050002984
8050002985
8050002986
8050002987
8050002988
8050002989
8050002990
8050002991
8050002992
8050002993
8050002994
8050002995
8050002996
8050002997
8050002998
8050002999
8050003000
8050003001
8050003002
8050003003
8050003004
8050003005
8050003006
8050003007
8050003008
8050003009
8050003010
8050003011
8050003012
8050003013
8050003014
8050003015
8050003016
8050003017
8050003018
8050003019
8050003020
8050003021
8050003022
8050003023
8050003024
8050003025
8050003026
8050003027
8050003028
8050003029
8050003030
8050003031
8050003032
8050003033
8050003034
8050003035
8050003036
8050003037
8050003038
8050003039
8050003040
8050003041
8050003042
8050003043
8050003044
8050003045
8050003046
8050003047
8050003048
8050003049
8050003050
8050003051
8050003052
8050003053
8050003054
8050003055
8050003056
8050003057
8050003058
8050003059
8050003060
8050003061
8050003062
8050003063
8050003064
8050003065
8050003066
8050003067
8050003068
8050003069
8050003070
8050003071
8050003072
8050003073
8050003074
8050003075
8050003076
8050003077
8050003078
8050003079
8050003080
8050003081
8050003082
8050003083
8050003084
8050003085
8050003086
8050003087
8050003088
8050003089
8050003090
8050003091
8050003092
8050003093
8050003094
8050003095
8050003096
8050003097
8050003098
8050003099
8050003100
8050003101
8050003102
8050003103
8050003104
8050003105
8050003106
8050003107
8050003108
8050003109
8050003110
8050003111
8050003112
8050003113
8050003114
8050003115
8050003116
8050003117
8050003118
8050003119
8050003120
8050003121
8050003122
8050003123
8050003124
8050003125
8050003126
8050003127
8050003128
8050003129
8050003130
8050003131
8050003132
8050003133
8050003134
8050003135
8050003136
8050003137
8050003138
8050003139
8050003140
8050003141
8050003142
8050003143
8050003144
8050003145
8050003146
8050003147
8050003148
8050003149
8050003150
8050003151
8050003152
8050003153
8050003154
8050003155
8050003156
8050003157
8050003158
8050003159
8050003160
8050003161
8050003162
8050003163
8050003164
8050003165
8050003166
8050003167
8050003168
8050003169
8050003170
8050003171
8050003172
8050003173
8050003174
8050003175
8050003176
8050003177
8050003178
8050003179
8050003180
8050003181
8050003182
8050003183
8050003184
8050003185
8050003186
8050003187
8050003188
8050003189
8050003190
8050003191
8050003192
8050003193
8050003194
8050003195
8050003196
8050003197
8050003198
8050003199
8050003200
8050003201
8050003202
8050003203
8050003204
8050003205
8050003206
8050003207
8050003208
8050003209
8050003210
8050003211
8050003212
8050003213
8050003214
8050003215
8050003216
8050003217
8050003218
8050003219
8050003220
8050003221
8050003222
8050003223
8050003224
8050003225
8050003226
8050003227
8050003228
8050003229
8050003230
8050003231
8050003232
8050003233
8050003234
8050003235
8050003236
8050003237
8050003238
8050003239
8050003240
8050003241
8050003242
8050003243
8050003244
8050003245
8050003246
8050003247
8050003248
8050003249
8050003250
8050003251
8050003252
8050003253
8050003254
8050003255
8050003256
8050003257
8050003258
8050003259
8050003260
8050003261
8050003262
8050003263
8050003264
8050003265
8050003266
8050003267
8050003268
8050003269
8050003270
8050003271
8050003272
8050003273
8050003274
8050003275
8050003276
8050003277
8050003278
8050003279
8050003280
8050003281
8050003282
8050003283
8050003284
8050003285
8050003286
8050003287
8050003288
8050003289
8050003290
8050003291
8050003292
8050003293
8050003294
8050003295
8050003296
8050003297
8050003298
8050003299
8050003300
8050003301
8050003302
8050003303
8050003304
8050003305
8050003306
8050003307
8050003308
8050003309
8050003310
8050003311
8050003312
8050003313
8050003314
8050003315
8050003316
8050003317
8050003318
8050003319
8050003320
8050003321
8050003322
8050003323
8050003324
8050003325
8050003326
8050003327
8050003328
8050003329
8050003330
8050003331
8050003332
8050003333
8050003334
8050003335
8050003336
8050003337
8050003338
8050003339
8050003340
8050003341
8050003342
8050003343
8050003344
8050003345
8050003346
8050003347
8050003348
8050003349
8050003350
8050003351
8050003352
8050003353
8050003354
8050003355
8050003356
8050003357
8050003358
8050003359
8050003360
8050003361
8050003362
8050003363
8050003364
8050003365
8050003366
8050003367
8050003368
8050003369
8050003370
8050003371
8050003372
8050003373
8050003374
8050003375
8050003376
8050003377
8050003378
8050003379
8050003380
8050003381
8050003382
8050003383
8050003384
8050003385
8050003386
8050003387
8050003388
8050003389
8050003390
8050003391
8050003392
8050003393
8050003394
8050003395
8050003396
8050003397
8050003398
8050003399
8050003400
8050003401
8050003402
8050003403
8050003404
8050003405
8050003406
8050003407
8050003408
8050003409
8050003410
8050003411
8050003412
8050003413
8050003414
8050003415
8050003416
8050003417
8050003418
8050003419
8050003420
8050003421
8050003422
8050003423
8050003424
8050003425
8050003426
8050003427
8050003428
8050003429
8050003430
8050003431
8050003432
8050003433
8050003434
8050003435
8050003436
8050003437
8050003438
8050003439
8050003440
8050003441
8050003442
8050003443
8050003444
8050003445
8050003446
8050003447
8050003448
8050003449
8050003450
8050003451
8050003452
8050003453
8050003454
8050003455
8050003456
8050003457
8050003458
8050003459
8050003460
8050003461
8050003462
8050003463
8050003464
8050003465
8050003466
8050003467
8050003468
8050003469
8050003470
8050003471
8050003472
8050003473
8050003474
8050003475
8050003476
8050003477
8050003478
8050003479
8050003480
8050003481
8050003482
8050003483
8050003484
8050003485
8050003486
8050003487
8050003488
8050003489
8050003490
8050003491
8050003492
8050003493
8050003494
8050003495
8050003496
8050003497
8050003498
8050003499
8050003500
8050003501
8050003502
8050003503
8050003504
8050003505
8050003506
8050003507
8050003508
8050003509
8050003510
8050003511
8050003512
8050003513
8050003514
8050003515
8050003516
8050003517
8050003518
8050003519
8050003520
8050003521
8050003522
8050003523
8050003524
8050003525
8050003526
8050003527
8050003528
8050003529
8050003530
8050003531
8050003532
8050003533
8050003534
8050003535
8050003536
8050003537
8050003538
8050003539
8050003540
8050003541
8050003542
8050003543
8050003544
8050003545
8050003546
8050003547
8050003548
8050003549
8050003550
8050003551
8050003552
8050003553
8050003554
8050003555
8050003556
8050003557
8050003558
8050003559
8050003560
8050003561
8050003562
8050003563
8050003564
8050003565
8050003566
8050003567
8050003568
8050003569
8050003570
8050003571
8050003572
8050003573
8050003574
8050003575
8050003576
8050003577
8050003578
8050003579
8050003580
8050003581
8050003582
8050003583
8050003584
8050003585
8050003586
8050003587
8050003588
8050003589
8050003590
8050003591
8050003592
8050003593
8050003594
8050003595
8050003596
8050003597
8050003598
8050003599
8050003600
8050003601
8050003602
8050003603
8050003604
8050003605
8050003606
8050003607
8050003608
8050003609
8050003610
8050003611
8050003612
8050003613
8050003614
8050003615
8050003616
8050003617
8050003618
8050003619
8050003620
8050003621
8050003622
8050003623
8050003624
8050003625
8050003626
8050003627
8050003628
8050003629
8050003630
8050003631
8050003632
8050003633
8050003634
8050003635
8050003636
8050003637
8050003638
8050003639
8050003640
8050003641
8050003642
8050003643
8050003644
8050003645
8050003646
8050003647
8050003648
8050003649
8050003650
8050003651
8050003652
8050003653
8050003654
8050003655
8050003656
8050003657
8050003658
8050003659
8050003660
8050003661
8050003662
8050003663
8050003664
8050003665
8050003666
8050003667
8050003668
8050003669
8050003670
8050003671
8050003672
8050003673
8050003674
8050003675
8050003676
8050003677
8050003678
8050003679
8050003680
8050003681
8050003682
8050003683
8050003684
8050003685
8050003686
8050003687
8050003688
8050003689
8050003690
8050003691
8050003692
8050003693
8050003694
8050003695
8050003696
8050003697
8050003698
8050003699
8050003700
8050003701
8050003702
8050003703
8050003704
8050003705
8050003706
8050003707
8050003708
8050003709
8050003710
8050003711
8050003712
8050003713
8050003714
8050003715
8050003716
8050003717
8050003718
8050003719
8050003720
8050003721
8050003722
8050003723
8050003724
8050003725
8050003726
8050003727
8050003728
8050003729
8050003730
8050003731
8050003732
8050003733
8050003734
8050003735
8050003736
8050003737
8050003738
8050003739
8050003740
8050003741
8050003742
8050003743
8050003744
8050003745
8050003746
8050003747
8050003748
8050003749
8050003750
8050003751
8050003752
8050003753
8050003754
8050003755
8050003756
8050003757
8050003758
8050003759
8050003760
8050003761
8050003762
8050003763
8050003764
8050003765
8050003766
8050003767
8050003768
8050003769
8050003770
8050003771
8050003772
8050003773
8050003774
8050003775
8050003776
8050003777
8050003778
8050003779
8050003780
8050003781
8050003782
8050003783
8050003784
8050003785
8050003786
8050003787
8050003788
8050003789
8050003790
8050003791
8050003792
8050003793
8050003794
8050003795
8050003796
8050003797
8050003798
8050003799
8050003800
8050003801
8050003802
8050003803
8050003804
8050003805
8050003806
8050003807
8050003808
8050003809
8050003810
8050003811
8050003812
8050003813
8050003814
8050003815
8050003816
8050003817
8050003818
8050003819
8050003820
8050003821
8050003822
8050003823
8050003824
8050003825
8050003826
8050003827
8050003828
8050003829
8050003830
8050003831
8050003832
8050003833
8050003834
8050003835
8050003836
8050003837
8050003838
8050003839
8050003840
8050003841
8050003842
8050003843
8050003844
8050003845
8050003846
8050003847
8050003848
8050003849
8050003850
8050003851
8050003852
8050003853
8050003854
8050003855
8050003856
8050003857
8050003858
8050003859
8050003860
8050003861
8050003862
8050003863
8050003864
8050003865
8050003866
8050003867
8050003868
8050003869
8050003870
8050003871
8050003872
8050003873
8050003874
8050003875
8050003876
8050003877
8050003878
8050003879
8050003880
8050003881
8050003882
8050003883
8050003884
8050003885
8050003886
8050003887
8050003888
8050003889
8050003890
8050003891
8050003892
8050003893
8050003894
8050003895
8050003896
8050003897
8050003898
8050003899
8050003900
8050003901
8050003902
8050003903
8050003904
8050003905
8050003906
8050003907
8050003908
8050003909
8050003910
8050003911
8050003912
8050003913
8050003914
8050003915
8050003916
8050003917
8050003918
8050003919
8050003920
8050003921
8050003922
8050003923
8050003924
8050003925
8050003926
8050003927
8050003928
8050003929
8050003930
8050003931
8050003932
8050003933
8050003934
8050003935
8050003936
8050003937
8050003938
8050003939
8050003940
8050003941
8050003942
8050003943
8050003944
8050003945
8050003946
8050003947
8050003948
8050003949
8050003950
8050003951
8050003952
8050003953
8050003954
8050003955
8050003956
8050003957
8050003958
8050003959
8050003960
8050003961
8050003962
8050003963
8050003964
8050003965
8050003966
8050003967
8050003968
8050003969
8050003970
8050003971
8050003972
8050003973
8050003974
8050003975
8050003976
8050003977
8050003978
8050003979
8050003980
8050003981
8050003982
8050003983
8050003984
8050003985
8050003986
8050003987
8050003988
8050003989
8050003990
8050003991
8050003992
8050003993
8050003994
8050003995
8050003996
8050003997
8050003998
8050003999
8050004000
8050004001
8050004002
8050004003
8050004004
8050004005
8050004006
8050004007
8050004008
8050004009
8050004010
8050004011
8050004012
8050004013
8050004014
8050004015
8050004016
8050004017
8050004018
8050004019
8050004020
8050004021
8050004022
8050004023
8050004024
8050004025
8050004026
8050004027
8050004028
8050004029
8050004030
8050004031
8050004032
8050004033
8050004034
8050004035
8050004036
8050004037
8050004038
8050004039
8050004040
8050004041
8050004042
8050004043
8050004044
8050004045
8050004046
8050004047
8050004048
8050004049
8050004050
8050004051
8050004052
8050004053
8050004054
8050004055
8050004056
8050004057
8050004058
8050004059
8050004060
8050004061
8050004062
8050004063
8050004064
8050004065
8050004066
8050004067
8050004068
8050004069
8050004070
8050004071
8050004072
8050004073
8050004074
8050004075
8050004076
8050004077
8050004078
8050004079
8050004080
8050004081
8050004082
8050004083
8050004084
8050004085
8050004086
8050004087
8050004088
8050004089
8050004090
8050004091
8050004092
8050004093
8050004094
8050004095
8050004096
8050004097
8050004098
8050004099
8050004100
8050004101
8050004102
8050004103
8050004104
8050004105
8050004106
8050004107
8050004108
8050004109
8050004110
8050004111
8050004112
8050004113
8050004114
8050004115
8050004116
8050004117
8050004118
8050004119
8050004120
8050004121
8050004122
8050004123
8050004124
8050004125
8050004126
8050004127
8050004128
8050004129
8050004130
8050004131
8050004132
8050004133
8050004134
8050004135
8050004136
8050004137
8050004138
8050004139
8050004140
8050004141
8050004142
8050004143
8050004144
8050004145
8050004146
8050004147
8050004148
8050004149
8050004150
8050004151
8050004152
8050004153
8050004154
8050004155
8050004156
8050004157
8050004158
8050004159
8050004160
8050004161
8050004162
8050004163
8050004164
8050004165
8050004166
8050004167
8050004168
8050004169
8050004170
8050004171
8050004172
8050004173
8050004174
8050004175
8050004176
8050004177
8050004178
8050004179
8050004180
8050004181
8050004182
8050004183
8050004184
8050004185
8050004186
8050004187
8050004188
8050004189
8050004190
8050004191
8050004192
8050004193
8050004194
8050004195
8050004196
8050004197
8050004198
8050004199
8050004200
8050004201
8050004202
8050004203
8050004204
8050004205
8050004206
8050004207
8050004208
8050004209
8050004210
8050004211
8050004212
8050004213
8050004214
8050004215
8050004216
8050004217
8050004218
8050004219
8050004220
8050004221
8050004222
8050004223
8050004224
8050004225
8050004226
8050004227
8050004228
8050004229
8050004230
8050004231
8050004232
8050004233
8050004234
8050004235
8050004236
8050004237
8050004238
8050004239
8050004240
8050004241
8050004242
8050004243
8050004244
8050004245
8050004246
8050004247
8050004248
8050004249
8050004250
8050004251
8050004252
8050004253
8050004254
8050004255
8050004256
8050004257
8050004258
8050004259
8050004260
8050004261
8050004262
8050004263
8050004264
8050004265
8050004266
8050004267
8050004268
8050004269
8050004270
8050004271
8050004272
8050004273
8050004274
8050004275
8050004276
8050004277
8050004278
8050004279
8050004280
8050004281
8050004282
8050004283
8050004284
8050004285
8050004286
8050004287
8050004288
8050004289
8050004290
8050004291
8050004292
8050004293
8050004294
8050004295
8050004296
8050004297
8050004298
8050004299
8050004300
8050004301
8050004302
8050004303
8050004304
8050004305
8050004306
8050004307
8050004308
8050004309
8050004310
8050004311
8050004312
8050004313
8050004314
8050004315
8050004316
8050004317
8050004318
8050004319
8050004320
8050004321
8050004322
8050004323
8050004324
8050004325
8050004326
8050004327
8050004328
8050004329
8050004330
8050004331
8050004332
8050004333
8050004334
8050004335
8050004336
8050004337
8050004338
8050004339
8050004340
8050004341
8050004342
8050004343
8050004344
8050004345
8050004346
8050004347
8050004348
8050004349
8050004350
8050004351
8050004352
8050004353
8050004354
8050004355
8050004356
8050004357
8050004358
8050004359
8050004360
8050004361
8050004362
8050004363
8050004364
8050004365
8050004366
8050004367
8050004368
8050004369
8050004370
8050004371
8050004372
8050004373
8050004374
8050004375
8050004376
8050004377
8050004378
8050004379
8050004380
8050004381
8050004382
8050004383
8050004384
8050004385
8050004386
8050004387
8050004388
8050004389
8050004390
8050004391
8050004392
8050004393
8050004394
8050004395
8050004396
8050004397
8050004398
8050004399
8050004400
8050004401
8050004402
8050004403
8050004404
8050004405
8050004406
8050004407
8050004408
8050004409
8050004410
8050004411
8050004412
8050004413
8050004414
8050004415
8050004416
8050004417
8050004418
8050004419
8050004420
8050004421
8050004422
8050004423
8050004424
8050004425
8050004426
8050004427
8050004428
8050004429
8050004430
8050004431
8050004432
8050004433
8050004434
8050004435
8050004436
8050004437
8050004438
8050004439
8050004440
8050004441
8050004442
8050004443
8050004444
8050004445
8050004446
8050004447
8050004448
8050004449
8050004450
8050004451
8050004452
8050004453
8050004454
8050004455
8050004456
8050004457
8050004458
8050004459
8050004460
8050004461
8050004462
8050004463
8050004464
8050004465
8050004466
8050004467
8050004468
8050004469
8050004470
8050004471
8050004472
8050004473
8050004474
8050004475
8050004476
8050004477
8050004478
8050004479
8050004480
8050004481
8050004482
8050004483
8050004484
8050004485
8050004486
8050004487
8050004488
8050004489
8050004490
8050004491
8050004492
8050004493
8050004494
8050004495
8050004496
8050004497
8050004498
8050004499
8050004500
8050004501
8050004502
8050004503
8050004504
8050004505
8050004506
8050004507
8050004508
8050004509
8050004510
8050004511
8050004512
8050004513
8050004514
8050004515
8050004516
8050004517
8050004518
8050004519
8050004520
8050004521
8050004522
8050004523
8050004524
8050004525
8050004526
8050004527
8050004528
8050004529
8050004530
8050004531
8050004532
8050004533
8050004534
8050004535
8050004536
8050004537
8050004538
8050004539
8050004540
8050004541
8050004542
8050004543
8050004544
8050004545
8050004546
8050004547
8050004548
8050004549
8050004550
8050004551
8050004552
8050004553
8050004554
8050004555
8050004556
8050004557
8050004558
8050004559
8050004560
8050004561
8050004562
8050004563
8050004564
8050004565
8050004566
8050004567
8050004568
8050004569
8050004570
8050004571
8050004572
8050004573
8050004574
8050004575
8050004576
8050004577
8050004578
8050004579
8050004580
8050004581
8050004582
8050004583
8050004584
8050004585
8050004586
8050004587
8050004588
8050004589
8050004590
8050004591
8050004592
8050004593
8050004594
8050004595
8050004596
8050004597
8050004598
8050004599
8050004600
8050004601
8050004602
8050004603
8050004604
8050004605
8050004606
8050004607
8050004608
8050004609
8050004610
8050004611
8050004612
8050004613
8050004614
8050004615
8050004616
8050004617
8050004618
8050004619
8050004620
8050004621
8050004622
8050004623
8050004624
8050004625
8050004626
8050004627
8050004628
8050004629
8050004630
8050004631
8050004632
8050004633
8050004634
8050004635
8050004636
8050004637
8050004638
8050004639
8050004640
8050004641
8050004642
8050004643
8050004644
8050004645
8050004646
8050004647
8050004648
8050004649
8050004650
8050004651
8050004652
8050004653
8050004654
8050004655
8050004656
8050004657
8050004658
8050004659
8050004660
8050004661
8050004662
8050004663
8050004664
8050004665
8050004666
8050004667
8050004668
8050004669
8050004670
8050004671
8050004672
8050004673
8050004674
8050004675
8050004676
8050004677
8050004678
8050004679
8050004680
8050004681
8050004682
8050004683
8050004684
8050004685
8050004686
8050004687
8050004688
8050004689
8050004690
8050004691
8050004692
8050004693
8050004694
8050004695
8050004696
8050004697
8050004698
8050004699
8050004700
8050004701
8050004702
8050004703
8050004704
8050004705
8050004706
8050004707
8050004708
8050004709
8050004710
8050004711
8050004712
8050004713
8050004714
8050004715
8050004716
8050004717
8050004718
8050004719
8050004720
8050004721
8050004722
8050004723
8050004724
8050004725
8050004726
8050004727
8050004728
8050004729
8050004730
8050004731
8050004732
8050004733
8050004734
8050004735
8050004736
8050004737
8050004738
8050004739
8050004740
8050004741
8050004742
8050004743
8050004744
8050004745
8050004746
8050004747
8050004748
8050004749
8050004750
8050004751
8050004752
8050004753
8050004754
8050004755
8050004756
8050004757
8050004758
8050004759
8050004760
8050004761
8050004762
8050004763
8050004764
8050004765
8050004766
8050004767
8050004768
8050004769
8050004770
8050004771
8050004772
8050004773
8050004774
8050004775
8050004776
8050004777
8050004778
8050004779
8050004780
8050004781
8050004782
8050004783
8050004784
8050004785
8050004786
8050004787
8050004788
8050004789
8050004790
8050004791
8050004792
8050004793
8050004794
8050004795
8050004796
8050004797
8050004798
8050004799
8050004800
8050004801
8050004802
8050004803
8050004804
8050004805
8050004806
8050004807
8050004808
8050004809
8050004810
8050004811
8050004812
8050004813
8050004814
8050004815
8050004816
8050004817
8050004818
8050004819
8050004820
8050004821
8050004822
8050004823
8050004824
8050004825
8050004826
8050004827
8050004828
8050004829
8050004830
8050004831
8050004832
8050004833
8050004834
8050004835
8050004836
8050004837
8050004838
8050004839
8050004840
8050004841
8050004842
8050004843
8050004844
8050004845
8050004846
8050004847
8050004848
8050004849
8050004850
8050004851
8050004852
8050004853
8050004854
8050004855
8050004856
8050004857
8050004858
8050004859
8050004860
8050004861
8050004862
8050004863
8050004864
8050004865
8050004866
8050004867
8050004868
8050004869
8050004870
8050004871
8050004872
8050004873
8050004874
8050004875
8050004876
8050004877
8050004878
8050004879
8050004880
8050004881
8050004882
8050004883
8050004884
8050004885
8050004886
8050004887
8050004888
8050004889
8050004890
8050004891
8050004892
8050004893
8050004894
8050004895
8050004896
8050004897
8050004898
8050004899
8050004900
8050004901
8050004902
8050004903
8050004904
8050004905
8050004906
8050004907
8050004908
8050004909
8050004910
8050004911
8050004912
8050004913
8050004914
8050004915
8050004916
8050004917
8050004918
8050004919
8050004920
8050004921
8050004922
8050004923
8050004924
8050004925
8050004926
8050004927
8050004928
8050004929
8050004930
8050004931
8050004932
8050004933
8050004934
8050004935
8050004936
8050004937
8050004938
8050004939
8050004940
8050004941
8050004942
8050004943
8050004944
8050004945
8050004946
8050004947
8050004948
8050004949
8050004950
8050004951
8050004952
8050004953
8050004954
8050004955
8050004956
8050004957
8050004958
8050004959
8050004960
8050004961
8050004962
8050004963
8050004964
8050004965
8050004966
8050004967
8050004968
8050004969
8050004970
8050004971
8050004972
8050004973
8050004974
8050004975
8050004976
8050004977
8050004978
8050004979
8050004980
8050004981
8050004982
8050004983
8050004984
8050004985
8050004986
8050004987
8050004988
8050004989
8050004990
8050004991
8050004992
8050004993
